Number of iterations: 2

Convergence criterion: 1.09882e-12

Result: 
3.96945e-12
 0.00889423
  0.0189446
  0.0301053
  0.0423306
  0.0555746
  0.0697917
  0.0849359
   0.100962
   0.117823
   0.135474
   0.153869
   0.172962
   0.192708
   0.213061
   0.233974
   0.255403
   0.277301
   0.299622
   0.322321
   0.345353
    0.36867
   0.392228
    0.41598
   0.439881
   0.463885
   0.487946
   0.512019
   0.536058
   0.560016
   0.583848
   0.607509
   0.630952
   0.654132
   0.677003
   0.699519
   0.721635
   0.743304
    0.76448
   0.785119
   0.805174
   0.824599
   0.843349
   0.861378
    0.87864
   0.895089
    0.91068
   0.925366
   0.939103
   0.951843
   0.963542
   0.974153
   0.983631
    0.99193
   0.999004
    1.00481
    1.00929
    1.01242
    1.01414
     1.0144
    1.01316
    1.01038
    1.00601
          1

Error: 0.675064